85.00 82.14
81.43 82.14
80.71 77.86
79.29 80.00
82.86 76.43
81.43 77.86
83.57 76.43
83.57 81.43
80.00 78.57
87.86 74.29
77.14 80.71
85.00 72.14
86.43 75.71
82.86 73.57
85.71 79.29
86.43 80.00
80.71 75.71
86.43 81.43
85.00 75.00
86.43 75.71
84.29 75.00
80.71 75.71
81.43 75.00
84.29 76.43
83.57 82.14
85.00 79.29
82.14 82.14
86.43 78.57
84.29 78.57
79.29 72.86
80.71 76.43
85.71 79.29
81.43 80.00
82.86 75.71
86.43 77.86
81.43 82.86
84.29 80.00
85.71 69.29
85.71 75.71
82.14 80.00
82.14 77.14
81.43 79.29
85.71 77.86
83.57 79.29
84.29 84.29
85.71 75.71
83.57 79.29
84.29 82.86
85.00 81.43
86.43 83.57
80.71 83.57
81.43 76.43
83.57 72.86
85.00 72.14
80.71 78.57
85.00 77.86
79.29 81.43
76.43 80.71
82.86 70.71
87.14 80.00
83.57 75.71
81.43 84.29
87.14 77.14
87.14 81.43
85.00 78.57
80.71 77.14
89.29 82.86
87.14 78.57
82.86 81.43
81.43 76.43
83.57 75.71
77.14 78.57
89.29 80.00
84.29 82.86
85.71 78.57
87.14 83.57
85.00 85.71
85.00 84.29
82.14 75.71
84.29 81.43
85.00 77.86
76.43 82.14
84.29 82.14
82.14 77.86
78.57 75.71
86.43 85.00
83.57 79.29
83.57 79.29
82.86 83.57
88.57 82.14
82.14 80.00
82.14 71.43
87.14 82.86
87.86 82.14
87.14 78.57
84.29 75.71
85.00 77.86
82.86 77.86
87.14 79.29
86.43 78.57
