87.14 77.86
85.00 76.43
85.00 81.43
88.57 76.43
84.29 75.71
87.14 80.00
82.14 80.00
82.86 78.57
86.43 73.57
86.43 77.86
83.57 77.14
79.29 78.57
85.00 78.57
81.43 70.71
82.86 79.29
87.14 76.43
85.71 82.86
86.43 78.57
85.00 75.00
82.86 81.43
85.71 80.71
82.14 79.29
80.71 76.43
82.14 82.14
85.71 76.43
84.29 71.43
85.71 79.29
81.43 80.00
83.57 79.29
87.14 76.43
83.57 82.14
85.00 78.57
82.86 73.57
85.71 83.57
85.71 82.86
80.71 80.00
82.86 76.43
82.86 78.57
81.43 74.29
80.00 73.57
83.57 82.86
87.86 80.00
85.71 76.43
76.43 78.57
87.14 70.00
82.86 74.29
80.00 81.43
84.29 76.43
82.86 72.86
80.00 77.86
87.14 78.57
80.71 76.43
83.57 80.71
86.43 80.00
82.86 75.00
91.43 80.71
81.43 72.14
83.57 75.00
86.43 83.57
87.14 72.86
83.57 74.29
87.14 79.29
86.43 76.43
85.71 80.00
82.14 79.29
83.57 74.29
84.29 75.00
86.43 80.71
85.00 76.43
79.29 77.14
80.71 76.43
80.71 73.57
82.14 79.29
82.14 80.00
87.14 75.00
83.57 73.57
81.43 79.29
84.29 79.29
87.86 78.57
83.57 72.86
77.86 77.86
81.43 75.71
78.57 77.86
82.86 78.57
84.29 78.57
80.71 82.86
89.29 75.71
87.14 80.71
86.43 76.43
88.57 73.57
79.29 80.00
85.00 74.29
78.57 72.86
83.57 78.57
80.71 75.00
82.14 77.86
82.86 78.57
84.29 75.00
87.14 72.86
77.86 72.14
