85.00 82.86
79.29 80.00
85.00 86.43
83.57 79.29
90.00 86.43
84.29 82.14
82.86 84.29
85.71 87.86
85.71 78.57
87.86 84.29
83.57 90.71
80.71 84.29
85.71 82.86
85.00 85.71
86.43 78.57
85.00 85.71
77.14 80.71
90.00 87.86
86.43 87.14
83.57 87.14
82.86 82.14
87.14 84.29
82.14 81.43
85.71 84.29
84.29 87.86
83.57 85.71
83.57 86.43
84.29 87.14
83.57 85.00
83.57 82.14
85.00 85.71
87.86 82.86
85.00 81.43
81.43 82.14
80.71 83.57
78.57 84.29
87.86 84.29
82.86 90.00
82.14 83.57
85.00 83.57
82.14 87.14
82.86 82.14
85.00 80.00
75.71 87.86
89.29 85.71
83.57 82.86
84.29 83.57
89.29 82.86
87.86 85.00
84.29 83.57
80.00 86.43
85.00 87.14
86.43 80.71
82.86 83.57
80.71 78.57
80.71 82.14
84.29 81.43
85.71 85.00
84.29 78.57
83.57 82.86
80.71 86.43
91.43 85.00
82.86 86.43
83.57 84.29
80.71 82.14
90.00 86.43
76.43 81.43
82.86 80.71
82.86 82.86
82.14 85.00
80.71 85.00
79.29 82.86
87.14 88.57
81.43 89.29
87.14 85.00
80.00 79.29
85.00 84.29
85.71 85.00
78.57 84.29
77.14 84.29
82.14 85.00
86.43 79.29
85.71 86.43
84.29 82.14
87.14 82.14
88.57 78.57
82.14 83.57
82.14 82.86
86.43 83.57
86.43 82.14
83.57 83.57
88.57 82.14
87.86 81.43
89.29 88.57
81.43 85.71
85.00 77.86
85.71 88.57
80.71 85.00
89.29 87.14
84.29 87.86
